0 0.908508 0.529724 0.042541 0.059448
0 0.831585 0.625265 0.042541 0.078556
0 0.976107 0.743100 0.043124 0.107219
0 0.330420 0.600849 0.048951 0.060510
0 0.194639 0.311040 0.050117 0.081741
0 0.386946 0.298301 0.048951 0.085987
0 0.651515 0.486200 0.032051 0.071125
0 0.199301 0.378981 0.027972 0.053079
0 0.427739 0.129512 0.039044 0.070064
0 0.720280 0.109342 0.034965 0.065817
0 0.798951 0.720807 0.035548 0.073248
0 0.424242 0.527601 0.030886 0.056263
0 0.377040 0.548832 0.045455 0.077495
0 0.399767 0.474522 0.032634 0.047771
0 0.655012 0.185775 0.094406 0.177282
0 0.033217 0.446921 0.044872 0.072187
0 0.849068 0.148620 0.047203 0.075372
0 0.082168 0.334395 0.026807 0.052017
0 0.307110 0.660297 0.025641 0.047771
0 0.589744 0.145435 0.031469 0.074310
0 0.864802 0.593418 0.036713 0.087049
0 0.900932 0.821656 0.030886 0.062633
0 0.170746 0.247346 0.028555 0.049894
