0 0.226107 0.950106 0.057692 0.069002
0 0.121212 0.462845 0.050699 0.075372
0 0.480186 0.552017 0.025058 0.042463
0 0.406760 0.284501 0.026807 0.042463
0 0.129371 0.023355 0.072844 0.045648
0 0.725524 0.914013 0.030886 0.064756
0 0.444639 0.493631 0.061772 0.105096
0 0.500583 0.565817 0.032634 0.043524
0 0.445804 0.301486 0.024476 0.024416
0 0.391608 0.254777 0.025641 0.040340
0 0.498252 0.894904 0.026224 0.033970
0 0.563520 0.887473 0.031469 0.066879
0 0.208042 0.847134 0.072844 0.136943
0 0.156177 0.192144 0.044289 0.096603
