0 0.541375 0.226115 0.036713 0.066879
0 0.568765 0.558386 0.101399 0.090234
0 0.762238 0.361996 0.034965 0.054140
0 0.661422 0.313163 0.038462 0.048832
0 0.915501 0.505308 0.062937 0.062633
0 0.320513 0.341826 0.039627 0.049894
0 0.449301 0.771762 0.028555 0.053079
0 0.365385 0.606157 0.137529 0.317410
0 0.195804 0.163482 0.057692 0.072187
0 0.292541 0.394904 0.034382 0.050955
0 0.184732 0.476645 0.083333 0.105096
0 0.953963 0.476645 0.033217 0.037155
0 0.840909 0.143312 0.037879 0.046709
0 0.576923 0.486200 0.070513 0.087049
0 0.160256 0.549894 0.050699 0.064756
0 0.529720 0.130573 0.039627 0.071125
0 0.662587 0.358811 0.022145 0.043524
0 0.297203 0.599788 0.055944 0.111465
0 0.457459 0.453291 0.090909 0.143312
0 0.213287 0.658174 0.045455 0.066879
0 0.681235 0.908705 0.023893 0.075372
0 0.398019 0.352442 0.048951 0.054140
0 0.673660 0.546709 0.065268 0.064756
