0 0.398601 0.129512 0.050117 0.069002
0 0.544872 0.133758 0.044872 0.071125
0 0.500000 0.077495 0.100816 0.148620
0 0.144522 0.468153 0.036131 0.089172
0 0.191725 0.174098 0.041375 0.052017
0 0.527972 0.632696 0.091492 0.156051
0 0.504079 0.526539 0.097319 0.145435
0 0.184149 0.454352 0.035548 0.114650
0 0.472611 0.478769 0.044872 0.077495
0 0.151515 0.943737 0.097319 0.084926
0 0.165501 0.746285 0.058275 0.102972
0 0.371212 0.809979 0.204545 0.247346
0 0.237179 0.190021 0.048951 0.047771
0 0.196387 0.891720 0.076340 0.084926
