0 0.636946 0.394904 0.079837 0.074310
0 0.760490 0.473461 0.037879 0.050955
0 0.743007 0.222930 0.049534 0.088110
0 0.384615 0.390658 0.060023 0.099788
0 0.622378 0.336518 0.071678 0.081741
0 0.699301 0.307856 0.048951 0.118896
0 0.975524 0.101911 0.032051 0.046709
0 0.757576 0.417197 0.025058 0.044586
0 0.284965 0.500000 0.058275 0.082803
0 0.047203 0.652866 0.048951 0.065817
0 0.706294 0.507431 0.056527 0.082803
0 0.649767 0.284501 0.054779 0.082803
0 0.440559 0.129512 0.086247 0.106157
0 0.782051 0.234607 0.026807 0.049894
0 0.350816 0.473461 0.048951 0.132696
