0 0.283800 0.458599 0.078089 0.200637
0 0.740093 0.169851 0.164918 0.207006
0 0.505245 0.834395 0.045455 0.073248
0 0.364219 0.537155 0.086830 0.101911
0 0.060023 0.954352 0.056527 0.090234
0 0.163753 0.121019 0.165501 0.186837
0 0.412587 0.765393 0.086247 0.107219
0 0.471445 0.714437 0.067599 0.090234
0 0.074009 0.584926 0.048368 0.059448
0 0.331002 0.336518 0.057692 0.082803
0 0.196970 0.521231 0.198718 0.234607
0 0.355478 0.452229 0.064103 0.082803
0 0.534965 0.669851 0.092657 0.126327
0 0.589161 0.820594 0.057110 0.094480
