0 0.804196 0.061571 0.035548 0.079618
0 0.718531 0.735669 0.036131 0.075372
0 0.533800 0.075372 0.037879 0.065817
0 0.849650 0.319533 0.044289 0.065817
0 0.457459 0.417197 0.055361 0.161359
0 0.138112 0.382166 0.047203 0.121019
0 0.800117 0.314225 0.027972 0.062633
0 0.535548 0.416136 0.050699 0.098726
0 0.459790 0.100849 0.037879 0.072187
0 0.117133 0.961783 0.039627 0.076433
0 0.442890 0.908705 0.044872 0.060510
0 0.303613 0.680467 0.048368 0.091295
0 0.853147 0.393843 0.034382 0.046709
0 0.832751 0.018047 0.039044 0.033970
