0 0.279720 0.410828 0.107809 0.101911
0 0.905012 0.483015 0.101981 0.165605
0 0.630536 0.787686 0.040793 0.090234
0 0.239510 0.486200 0.077506 0.070064
0 0.525641 0.753715 0.035548 0.085987
0 0.451632 0.592357 0.145105 0.228238
0 0.057110 0.807856 0.086830 0.142251
0 0.917832 0.317410 0.050699 0.099788
0 0.586830 0.737792 0.075758 0.128450
0 0.212121 0.345011 0.093823 0.160297
0 0.562354 0.479830 0.068182 0.240977
0 0.052448 0.244161 0.057692 0.091295
0 0.821096 0.501062 0.043124 0.121019
0 0.331002 0.539278 0.107226 0.139066
